00111001000000000000000000000000
00111001011000000000000000000000
00111001010000000000000000101100
00111010000000000000000000101000
10000001010010100000000000000000
00111001010010101111111111111111
00111001001000000000000000000000
01111111101010010101000000000000
01001100000111000000000101100010
01111111101000000000000000000000
01001100000111100000000100010010
01111101100010110110001000010100
10000001100011000000000000000000
01111101000010000110001000010100
00111001001010010000000000000001
01111111101000000000000000000000
01001100000111100000000001110010
00111001111000000000000000000000
01111101111010010100101000010100
01111101100011110111101000010100
01111111101000000000000000000000
01001100000111100000000010110010
00111000101010000000000000000000
10010000101100000000000000000000
